Frequency (MHz)	 channel 1	 channel 2
1.472500E+1	2.120000E-3	-5.100000E-4
1.472510E+1	2.160000E-3	-4.700000E-4
1.472520E+1	2.250000E-3	-5.100000E-4
1.472530E+1	2.300000E-3	-5.100000E-4
1.472540E+1	2.400000E-3	-5.300000E-4
1.472550E+1	2.470000E-3	-5.300000E-4
1.472560E+1	2.530000E-3	-5.700000E-4
1.472570E+1	2.620000E-3	-6.000000E-4
1.472580E+1	2.710000E-3	-6.000000E-4
1.472590E+1	2.820000E-3	-6.200000E-4
1.472600E+1	2.880000E-3	-6.000000E-4
1.472610E+1	3.020000E-3	-6.300000E-4
1.472620E+1	3.100000E-3	-6.300000E-4
1.472630E+1	3.250000E-3	-6.300000E-4
1.472640E+1	3.360000E-3	-6.500000E-4
1.472650E+1	3.500000E-3	-6.600000E-4
1.472660E+1	3.630000E-3	-6.300000E-4
1.472670E+1	3.780000E-3	-6.500000E-4
1.472680E+1	3.900000E-3	-6.600000E-4
1.472690E+1	4.030000E-3	-6.500000E-4
1.472700E+1	4.200000E-3	-6.300000E-4
1.472710E+1	4.350000E-3	-6.000000E-4
1.472720E+1	4.500000E-3	-5.700000E-4
1.472730E+1	4.610000E-3	-5.200000E-4
1.472740E+1	4.760000E-3	-5.000000E-4
1.472750E+1	4.850000E-3	-4.000000E-4
1.472760E+1	4.970000E-3	-3.500000E-4
1.472770E+1	5.000000E-3	-2.600000E-4
1.472780E+1	5.010000E-3	-1.600000E-4
1.472790E+1	4.950000E-3	-6.000000E-5
1.472800E+1	4.780000E-3	2.000000E-5
1.472810E+1	4.600000E-3	1.600000E-4
1.472820E+1	4.270000E-3	3.100000E-4
1.472830E+1	3.820000E-3	4.300000E-4
1.472840E+1	3.260000E-3	5.200000E-4
1.472850E+1	2.570000E-3	6.200000E-4
1.472860E+1	1.700000E-3	6.800000E-4
1.472870E+1	5.700000E-4	7.200000E-4
1.472880E+1	-3.300000E-4	7.800000E-4
1.472890E+1	-1.680000E-3	7.700000E-4
1.472900E+1	-2.660000E-3	7.800000E-4
1.472910E+1	-3.900000E-3	7.700000E-4
1.472920E+1	-5.070000E-3	8.200000E-4
1.472930E+1	-6.200000E-3	8.500000E-4
1.472940E+1	-7.180000E-3	9.100000E-4
1.472950E+1	-8.130000E-3	1.000000E-3
1.472960E+1	-8.970000E-3	1.130000E-3
1.472970E+1	-9.620000E-3	1.260000E-3
1.472980E+1	-1.023000E-2	1.430000E-3
1.472990E+1	-1.071000E-2	1.520000E-3
1.473000E+1	-1.116000E-2	1.710000E-3
1.473010E+1	-1.150000E-2	1.780000E-3
1.473020E+1	-1.177000E-2	1.950000E-3
1.473030E+1	-1.211000E-2	2.000000E-3
1.473040E+1	-1.231000E-2	2.060000E-3
1.473050E+1	-1.247000E-2	2.100000E-3
1.473060E+1	-1.263000E-2	2.130000E-3
1.473070E+1	-1.281000E-2	2.200000E-3
1.473080E+1	-1.287000E-2	2.150000E-3
1.473090E+1	-1.293000E-2	2.180000E-3
1.473100E+1	-1.293000E-2	2.200000E-3
1.473110E+1	-1.287000E-2	2.150000E-3
1.473120E+1	-1.285000E-2	2.130000E-3
1.473130E+1	-1.276000E-2	2.100000E-3
1.473140E+1	-1.257000E-2	2.100000E-3
1.473150E+1	-1.240000E-2	2.000000E-3
1.473160E+1	-1.223000E-2	1.880000E-3
1.473170E+1	-1.192000E-2	1.810000E-3
1.473180E+1	-1.162000E-2	1.660000E-3
1.473190E+1	-1.121000E-2	1.520000E-3
1.473200E+1	-1.068000E-2	1.410000E-3
1.473210E+1	-1.005000E-2	1.310000E-3
1.473220E+1	-9.370000E-3	1.150000E-3
1.473230E+1	-8.470000E-3	1.120000E-3
1.473240E+1	-7.360000E-3	1.030000E-3
1.473250E+1	-6.470000E-3	1.060000E-3
1.473260E+1	-5.070000E-3	1.030000E-3
1.473270E+1	-4.120000E-3	1.060000E-3
1.473280E+1	-2.960000E-3	1.020000E-3
1.473290E+1	-1.750000E-3	1.000000E-3
1.473300E+1	-6.700000E-4	9.600000E-4
1.473310E+1	3.300000E-4	9.100000E-4
1.473320E+1	1.220000E-3	8.200000E-4
1.473330E+1	2.110000E-3	7.200000E-4
1.473340E+1	2.650000E-3	5.800000E-4
1.473350E+1	3.250000E-3	4.500000E-4
1.473360E+1	3.550000E-3	3.300000E-4
1.473370E+1	3.830000E-3	2.200000E-4
1.473380E+1	4.060000E-3	1.000000E-4
1.473390E+1	4.180000E-3	-1.000000E-5
1.473400E+1	4.260000E-3	-7.000000E-5
1.473410E+1	4.270000E-3	-1.800000E-4
1.473420E+1	4.250000E-3	-2.600000E-4
1.473430E+1	4.210000E-3	-3.200000E-4
1.473440E+1	4.110000E-3	-3.800000E-4
1.473450E+1	4.020000E-3	-4.100000E-4
1.473460E+1	3.880000E-3	-4.600000E-4
1.473470E+1	3.800000E-3	-4.700000E-4
1.473480E+1	3.670000E-3	-5.100000E-4
1.473490E+1	3.570000E-3	-5.200000E-4
1.473500E+1	3.470000E-3	-5.600000E-4
1.473510E+1	3.330000E-3	-5.300000E-4
1.473520E+1	3.220000E-3	-5.300000E-4
1.473530E+1	3.120000E-3	-5.300000E-4
1.473540E+1	3.020000E-3	-5.300000E-4
1.473550E+1	2.920000E-3	-5.600000E-4
1.473560E+1	2.830000E-3	-5.600000E-4
1.473570E+1	2.700000E-3	-5.600000E-4
1.473580E+1	2.630000E-3	-5.200000E-4
1.473590E+1	2.570000E-3	-5.200000E-4
1.473600E+1	2.470000E-3	-5.100000E-4
1.473610E+1	2.400000E-3	-5.000000E-4
1.473620E+1	2.330000E-3	-5.000000E-4
1.473630E+1	2.280000E-3	-4.700000E-4
1.473640E+1	2.210000E-3	-4.700000E-4
1.473650E+1	2.130000E-3	-4.700000E-4
1.473660E+1	2.070000E-3	-4.500000E-4
1.473670E+1	2.030000E-3	-4.600000E-4
1.473680E+1	1.970000E-3	-4.500000E-4
1.473690E+1	1.930000E-3	-4.300000E-4
1.473700E+1	1.870000E-3	-4.300000E-4
1.473710E+1	1.820000E-3	-4.100000E-4
1.473720E+1	1.780000E-3	-3.800000E-4
1.473730E+1	1.730000E-3	-4.000000E-4
1.473740E+1	1.680000E-3	-4.000000E-4
1.473750E+1	1.650000E-3	-3.800000E-4
1.473760E+1	1.630000E-3	-3.800000E-4
1.473770E+1	1.610000E-3	-3.800000E-4
1.473780E+1	1.550000E-3	-3.500000E-4
1.473790E+1	1.510000E-3	-3.500000E-4
1.473800E+1	1.480000E-3	-3.500000E-4
1.473810E+1	1.460000E-3	-3.300000E-4
1.473820E+1	1.450000E-3	-3.300000E-4
1.473830E+1	1.400000E-3	-3.300000E-4
1.473840E+1	1.400000E-3	-3.200000E-4
1.473850E+1	1.370000E-3	-3.200000E-4
1.473860E+1	1.330000E-3	-3.200000E-4
1.473870E+1	1.320000E-3	-3.100000E-4
1.473880E+1	1.280000E-3	-3.200000E-4
1.473890E+1	1.270000E-3	-2.700000E-4
1.473900E+1	1.250000E-3	-2.800000E-4
1.473910E+1	1.220000E-3	-2.800000E-4
1.473920E+1	1.210000E-3	-2.800000E-4
1.473930E+1	1.200000E-3	-2.700000E-4
1.473940E+1	1.160000E-3	-2.700000E-4
1.473950E+1	1.170000E-3	-2.500000E-4
1.473960E+1	1.130000E-3	-2.600000E-4
1.473970E+1	1.110000E-3	-2.700000E-4
1.473980E+1	1.110000E-3	-2.700000E-4
1.473990E+1	1.080000E-3	-2.700000E-4
1.474000E+1	1.080000E-3	-2.700000E-4
1.474010E+1	1.070000E-3	-2.600000E-4
