Frequency (MHz)	 channel 1	 channel 2
1.472000E+1	8.700000E-4	-2.300000E-4
1.472010E+1	8.900000E-4	-2.350000E-4
1.472020E+1	8.850000E-4	-2.400000E-4
1.472030E+1	8.950000E-4	-2.350000E-4
1.472040E+1	9.000000E-4	-2.300000E-4
1.472050E+1	9.250000E-4	-2.400000E-4
1.472060E+1	9.250000E-4	-2.350000E-4
1.472070E+1	9.450000E-4	-2.400000E-4
1.472080E+1	9.450000E-4	-2.500000E-4
1.472090E+1	9.600000E-4	-2.600000E-4
1.472100E+1	9.650000E-4	-2.400000E-4
1.472110E+1	9.850000E-4	-2.650000E-4
1.472120E+1	9.950000E-4	-2.750000E-4
1.472130E+1	1.015000E-3	-2.750000E-4
1.472140E+1	1.035000E-3	-2.800000E-4
1.472150E+1	1.040000E-3	-2.800000E-4
1.472160E+1	1.075000E-3	-2.800000E-4
1.472170E+1	1.075000E-3	-2.800000E-4
1.472180E+1	1.100000E-3	-2.900000E-4
1.472190E+1	1.105000E-3	-3.050000E-4
1.472200E+1	1.125000E-3	-3.050000E-4
1.472210E+1	1.145000E-3	-3.050000E-4
1.472220E+1	1.170000E-3	-3.050000E-4
1.472230E+1	1.185000E-3	-3.250000E-4
1.472240E+1	1.200000E-3	-3.250000E-4
1.472250E+1	1.225000E-3	-3.300000E-4
1.472260E+1	1.235000E-3	-3.300000E-4
1.472270E+1	1.270000E-3	-3.350000E-4
1.472280E+1	1.290000E-3	-3.400000E-4
1.472290E+1	1.315000E-3	-3.550000E-4
1.472300E+1	1.335000E-3	-3.600000E-4
1.472310E+1	1.360000E-3	-3.650000E-4
1.472320E+1	1.390000E-3	-3.800000E-4
1.472330E+1	1.415000E-3	-3.800000E-4
1.472340E+1	1.435000E-3	-3.800000E-4
1.472350E+1	1.480000E-3	-3.900000E-4
1.472360E+1	1.510000E-3	-4.050000E-4
1.472370E+1	1.535000E-3	-3.900000E-4
1.472380E+1	1.560000E-3	-4.050000E-4
1.472390E+1	1.615000E-3	-4.250000E-4
1.472400E+1	1.655000E-3	-4.150000E-4
1.472410E+1	1.705000E-3	-4.500000E-4
1.472420E+1	1.710000E-3	-4.550000E-4
1.472430E+1	1.780000E-3	-4.600000E-4
1.472440E+1	1.825000E-3	-4.600000E-4
1.472450E+1	1.870000E-3	-4.800000E-4
1.472460E+1	1.905000E-3	-4.850000E-4
1.472470E+1	1.970000E-3	-5.150000E-4
1.472480E+1	2.015000E-3	-5.100000E-4
1.472490E+1	2.080000E-3	-5.300000E-4
1.472500E+1	2.150000E-3	-5.400000E-4
1.472510E+1	2.215000E-3	-5.500000E-4
1.472520E+1	2.270000E-3	-5.550000E-4
1.472530E+1	2.340000E-3	-5.550000E-4
1.472540E+1	2.420000E-3	-5.750000E-4
1.472550E+1	2.490000E-3	-6.100000E-4
1.472560E+1	2.570000E-3	-6.050000E-4
1.472570E+1	2.675000E-3	-6.300000E-4
1.472580E+1	2.765000E-3	-6.300000E-4
1.472590E+1	2.870000E-3	-6.400000E-4
1.472600E+1	2.965000E-3	-6.650000E-4
1.472610E+1	3.060000E-3	-6.650000E-4
1.472620E+1	3.195000E-3	-6.900000E-4
1.472630E+1	3.315000E-3	-7.050000E-4
1.472640E+1	3.430000E-3	-7.000000E-4
1.472650E+1	3.585000E-3	-7.150000E-4
1.472660E+1	3.705000E-3	-7.300000E-4
1.472670E+1	3.870000E-3	-7.050000E-4
1.472680E+1	4.020000E-3	-7.250000E-4
1.472690E+1	4.190000E-3	-7.150000E-4
1.472700E+1	4.320000E-3	-6.650000E-4
1.472710E+1	4.490000E-3	-6.900000E-4
1.472720E+1	4.660000E-3	-6.400000E-4
1.472730E+1	4.800000E-3	-5.850000E-4
1.472740E+1	4.935000E-3	-5.650000E-4
1.472750E+1	5.065000E-3	-4.750000E-4
1.472760E+1	5.180000E-3	-4.250000E-4
1.472770E+1	5.220000E-3	-3.150000E-4
1.472780E+1	5.250000E-3	-2.100000E-4
1.472790E+1	5.195000E-3	-1.150000E-4
1.472800E+1	5.075000E-3	1.000000E-5
1.472810E+1	4.885000E-3	1.350000E-4
1.472820E+1	4.495000E-3	2.650000E-4
1.472830E+1	4.125000E-3	3.750000E-4
1.472840E+1	3.445000E-3	5.150000E-4
1.472850E+1	2.860000E-3	5.900000E-4
1.472860E+1	2.025000E-3	6.750000E-4
1.472870E+1	1.060000E-3	7.250000E-4
1.472880E+1	-3.000000E-5	7.550000E-4
1.472890E+1	-1.200000E-3	7.900000E-4
1.472900E+1	-2.420000E-3	7.850000E-4
1.472910E+1	-3.645000E-3	8.050000E-4
1.472920E+1	-4.860000E-3	8.050000E-4
1.472930E+1	-6.010000E-3	8.350000E-4
1.472940E+1	-7.085000E-3	9.000000E-4
1.472950E+1	-8.015000E-3	1.025000E-3
1.472960E+1	-8.820000E-3	1.085000E-3
1.472970E+1	-9.580000E-3	1.275000E-3
1.472980E+1	-1.017000E-2	1.460000E-3
1.472990E+1	-1.073000E-2	1.605000E-3
1.473000E+1	-1.118500E-2	1.695000E-3
1.473010E+1	-1.151500E-2	1.795000E-3
1.473020E+1	-1.188500E-2	1.955000E-3
1.473030E+1	-1.214500E-2	2.005000E-3
1.473040E+1	-1.238500E-2	2.110000E-3
1.473050E+1	-1.266000E-2	2.100000E-3
1.473060E+1	-1.279500E-2	2.155000E-3
1.473070E+1	-1.297500E-2	2.175000E-3
1.473080E+1	-1.309000E-2	2.245000E-3
1.473090E+1	-1.311500E-2	2.205000E-3
1.473100E+1	-1.315000E-2	2.275000E-3
1.473110E+1	-1.314000E-2	2.160000E-3
1.473120E+1	-1.312000E-2	2.210000E-3
1.473130E+1	-1.304500E-2	2.130000E-3
1.473140E+1	-1.292000E-2	2.105000E-3
1.473150E+1	-1.271000E-2	2.000000E-3
1.473160E+1	-1.251500E-2	1.955000E-3
1.473170E+1	-1.231000E-2	1.880000E-3
1.473180E+1	-1.197500E-2	1.705000E-3
1.473190E+1	-1.156500E-2	1.565000E-3
1.473200E+1	-1.109500E-2	1.425000E-3
1.473210E+1	-1.049000E-2	1.265000E-3
1.473220E+1	-9.770000E-3	1.225000E-3
1.473230E+1	-8.950000E-3	1.105000E-3
1.473240E+1	-7.925000E-3	1.080000E-3
1.473250E+1	-6.845000E-3	1.025000E-3
1.473260E+1	-5.735000E-3	1.050000E-3
1.473270E+1	-4.510000E-3	1.030000E-3
1.473280E+1	-3.320000E-3	1.035000E-3
1.473290E+1	-2.105000E-3	1.005000E-3
1.473300E+1	-9.850000E-4	9.650000E-4
1.473310E+1	5.500000E-5	9.150000E-4
1.473320E+1	9.600000E-4	8.300000E-4
1.473330E+1	1.885000E-3	7.250000E-4
1.473340E+1	2.435000E-3	6.100000E-4
1.473350E+1	3.045000E-3	4.850000E-4
1.473360E+1	3.370000E-3	3.500000E-4
1.473370E+1	3.705000E-3	2.350000E-4
1.473380E+1	3.925000E-3	1.100000E-4
1.473390E+1	4.080000E-3	0.000000E+0
1.473400E+1	4.140000E-3	-1.050000E-4
1.473410E+1	4.200000E-3	-2.050000E-4
1.473420E+1	4.185000E-3	-2.750000E-4
1.473430E+1	4.130000E-3	-3.250000E-4
1.473440E+1	4.045000E-3	-3.850000E-4
1.473450E+1	3.970000E-3	-4.350000E-4
1.473460E+1	3.850000E-3	-4.800000E-4
1.473470E+1	3.745000E-3	-5.050000E-4
1.473480E+1	3.645000E-3	-5.400000E-4
1.473490E+1	3.550000E-3	-5.400000E-4
1.473500E+1	3.425000E-3	-5.600000E-4
1.473510E+1	3.325000E-3	-5.750000E-4
1.473520E+1	3.205000E-3	-5.600000E-4
1.473530E+1	3.115000E-3	-5.750000E-4
1.473540E+1	3.005000E-3	-5.900000E-4
1.473550E+1	2.910000E-3	-5.750000E-4
1.473560E+1	2.815000E-3	-5.750000E-4
1.473570E+1	2.720000E-3	-5.550000E-4
1.473580E+1	2.635000E-3	-5.500000E-4
1.473590E+1	2.555000E-3	-5.650000E-4
1.473600E+1	2.465000E-3	-5.350000E-4
1.473610E+1	2.410000E-3	-5.400000E-4
1.473620E+1	2.325000E-3	-5.050000E-4
1.473630E+1	2.250000E-3	-5.250000E-4
1.473640E+1	2.180000E-3	-4.900000E-4
1.473650E+1	2.130000E-3	-5.050000E-4
1.473660E+1	2.075000E-3	-5.000000E-4
1.473670E+1	2.025000E-3	-4.800000E-4
1.473680E+1	1.965000E-3	-4.650000E-4
1.473690E+1	1.915000E-3	-4.550000E-4
1.473700E+1	1.860000E-3	-4.400000E-4
1.473710E+1	1.825000E-3	-4.600000E-4
1.473720E+1	1.790000E-3	-4.500000E-4
1.473730E+1	1.725000E-3	-4.250000E-4
1.473740E+1	1.705000E-3	-4.150000E-4
1.473750E+1	1.655000E-3	-4.150000E-4
1.473760E+1	1.620000E-3	-4.050000E-4
1.473770E+1	1.585000E-3	-3.900000E-4
1.473780E+1	1.560000E-3	-3.900000E-4
1.473790E+1	1.530000E-3	-3.800000E-4
1.473800E+1	1.505000E-3	-3.800000E-4
1.473810E+1	1.445000E-3	-3.650000E-4
1.473820E+1	1.440000E-3	-3.650000E-4
1.473830E+1	1.415000E-3	-3.500000E-4
1.473840E+1	1.390000E-3	-3.500000E-4
1.473850E+1	1.350000E-3	-3.400000E-4
1.473860E+1	1.340000E-3	-3.500000E-4
1.473870E+1	1.300000E-3	-3.400000E-4
1.473880E+1	1.300000E-3	-3.300000E-4
1.473890E+1	1.265000E-3	-3.150000E-4
1.473900E+1	1.245000E-3	-3.150000E-4
1.473910E+1	1.225000E-3	-3.100000E-4
1.473920E+1	1.220000E-3	-3.050000E-4
1.473930E+1	1.185000E-3	-2.900000E-4
1.473940E+1	1.180000E-3	-3.050000E-4
1.473950E+1	1.150000E-3	-2.850000E-4
1.473960E+1	1.150000E-3	-2.850000E-4
1.473970E+1	1.140000E-3	-2.800000E-4
1.473980E+1	1.115000E-3	-2.900000E-4
1.473990E+1	1.090000E-3	-3.000000E-4
1.474000E+1	1.085000E-3	-2.650000E-4
1.474010E+1	1.075000E-3	-2.750000E-4
