Time (min)	Tmct (mK)	Ro	ActualR	Pressure (bar)	MCTLock-in (mV)	LCMNLock-in (mV)	Betao	Tlcmn (mK)	CellPressure (bar)	Cdia	CurrentBeta	Hour
9.099483E-3	1.731843E+1	4.450000E-1	4.446841E-1	3.375152E+1	1.147000E-2	4.750000E-4	1.700000E-2	1.576217E+1	7.189335E+0	2.364040E+0	1.645854E-2	08:20 AM
5.298825E-2	1.726732E+1	4.450000E-1	4.446814E-1	3.375350E+1	1.157000E-2	4.760000E-4	1.700000E-2	1.575501E+1	7.189335E+0	2.364040E+0	1.645740E-2	08:20 AM
9.633936E-2	1.729799E+1	4.450000E-1	4.446830E-1	3.375231E+1	1.151000E-2	4.900000E-4	1.700000E-2	1.565554E+1	7.189335E+0	2.364110E+0	1.644144E-2	08:20 AM
1.396854E-1	1.729799E+1	4.450000E-1	4.446830E-1	3.375231E+1	1.151000E-2	4.760000E-4	1.700000E-2	1.575501E+1	7.189186E+0	2.364110E+0	1.645740E-2	08:20 AM
1.830350E-1	1.729799E+1	4.450000E-1	4.446830E-1	3.375231E+1	1.151000E-2	4.820000E-4	1.700000E-2	1.571223E+1	7.189335E+0	2.364110E+0	1.645056E-2	08:20 AM
2.263676E-1	1.726221E+1	4.450000E-1	4.446811E-1	3.375369E+1	1.158000E-2	4.710000E-4	1.700000E-2	1.579084E+1	7.189335E+0	2.364170E+0	1.646309E-2	08:20 AM
2.697337E-1	1.730310E+1	4.450000E-1	4.446833E-1	3.375211E+1	1.150000E-2	4.780000E-4	1.700000E-2	1.574073E+1	7.189186E+0	2.364040E+0	1.645512E-2	08:20 AM
3.130831E-1	1.729288E+1	4.450000E-1	4.446827E-1	3.375251E+1	1.152000E-2	4.830000E-4	1.700000E-2	1.570512E+1	7.189186E+0	2.363970E+0	1.644942E-2	08:20 AM
3.564017E-1	1.730310E+1	4.450000E-1	4.446833E-1	3.375211E+1	1.150000E-2	4.850000E-4	1.700000E-2	1.569093E+1	7.189335E+0	2.363910E+0	1.644714E-2	08:20 AM
3.997839E-1	1.729288E+1	4.450000E-1	4.446827E-1	3.375251E+1	1.152000E-2	4.780000E-4	1.700000E-2	1.574073E+1	7.189186E+0	2.363970E+0	1.645512E-2	08:20 AM
4.430832E-1	1.728777E+1	4.450000E-1	4.446825E-1	3.375270E+1	1.153000E-2	4.820000E-4	1.700000E-2	1.571223E+1	7.189186E+0	2.363970E+0	1.645056E-2	08:20 AM
4.864323E-1	1.730310E+1	4.450000E-1	4.446833E-1	3.375211E+1	1.150000E-2	4.680000E-4	1.700000E-2	1.581242E+1	7.189186E+0	2.363910E+0	1.646651E-2	08:20 AM
5.297640E-1	1.730310E+1	4.450000E-1	4.446833E-1	3.375211E+1	1.150000E-2	4.830000E-4	1.700000E-2	1.570512E+1	7.189335E+0	2.363970E+0	1.644942E-2	08:20 AM
5.731158E-1	1.727243E+1	4.450000E-1	4.446816E-1	3.375330E+1	1.156000E-2	4.810000E-4	1.700000E-2	1.571935E+1	7.189335E+0	2.364040E+0	1.645170E-2	08:21 AM
6.164497E-1	1.729288E+1	4.450000E-1	4.446827E-1	3.375251E+1	1.152000E-2	4.700000E-4	1.700000E-2	1.579803E+1	7.189186E+0	2.364170E+0	1.646423E-2	08:21 AM
6.597782E-1	1.726221E+1	4.450000E-1	4.446811E-1	3.375369E+1	1.158000E-2	4.750000E-4	1.700000E-2	1.576217E+1	7.189335E+0	2.363970E+0	1.645854E-2	08:21 AM
7.031295E-1	1.732354E+1	4.450000E-1	4.446844E-1	3.375132E+1	1.146000E-2	4.810000E-4	1.700000E-2	1.571935E+1	7.189186E+0	2.363970E+0	1.645170E-2	08:21 AM
7.464601E-1	1.731843E+1	4.450000E-1	4.446841E-1	3.375152E+1	1.147000E-2	4.880000E-4	1.700000E-2	1.566968E+1	7.189186E+0	2.363910E+0	1.644372E-2	08:21 AM
7.898102E-1	1.730310E+1	4.450000E-1	4.446833E-1	3.375211E+1	1.150000E-2	4.850000E-4	1.700000E-2	1.569093E+1	7.189335E+0	2.364040E+0	1.644714E-2	08:21 AM
8.331412E-1	1.731843E+1	4.450000E-1	4.446841E-1	3.375152E+1	1.147000E-2	4.770000E-4	1.700000E-2	1.574787E+1	7.189335E+0	2.364170E+0	1.645626E-2	08:21 AM
8.764914E-1	1.726221E+1	4.450000E-1	4.446811E-1	3.375369E+1	1.158000E-2	4.810000E-4	1.700000E-2	1.571935E+1	7.189186E+0	2.364110E+0	1.645170E-2	08:21 AM
9.198395E-1	1.726732E+1	4.450000E-1	4.446814E-1	3.375350E+1	1.157000E-2	4.780000E-4	1.700000E-2	1.574073E+1	7.189335E+0	2.364170E+0	1.645512E-2	08:21 AM
9.631891E-1	1.729799E+1	4.450000E-1	4.446830E-1	3.375231E+1	1.151000E-2	4.780000E-4	1.700000E-2	1.574073E+1	7.189186E+0	2.364170E+0	1.645512E-2	08:21 AM
1.006524E+0	1.724177E+1	4.450000E-1	4.446800E-1	3.375448E+1	1.162000E-2	4.750000E-4	1.700000E-2	1.576217E+1	7.189186E+0	2.364040E+0	1.645854E-2	08:21 AM
1.049857E+0	1.730310E+1	4.450000E-1	4.446833E-1	3.375211E+1	1.150000E-2	4.750000E-4	1.700000E-2	1.576217E+1	7.189335E+0	2.364110E+0	1.645854E-2	08:21 AM
1.093206E+0	1.729288E+1	4.450000E-1	4.446827E-1	3.375251E+1	1.152000E-2	4.750000E-4	1.700000E-2	1.576217E+1	7.189186E+0	2.364040E+0	1.645854E-2	08:21 AM
1.136541E+0	1.726221E+1	4.450000E-1	4.446811E-1	3.375369E+1	1.158000E-2	4.760000E-4	1.700000E-2	1.575501E+1	7.188963E+0	2.364040E+0	1.645740E-2	08:21 AM
1.179889E+0	1.729288E+1	4.450000E-1	4.446827E-1	3.375251E+1	1.152000E-2	4.810000E-4	1.700000E-2	1.571935E+1	7.189335E+0	2.364110E+0	1.645170E-2	08:21 AM
1.223236E+0	1.732354E+1	4.450000E-1	4.446844E-1	3.375132E+1	1.146000E-2	4.810000E-4	1.700000E-2	1.571935E+1	7.189186E+0	2.363970E+0	1.645170E-2	08:21 AM
1.266585E+0	1.727243E+1	4.450000E-1	4.446816E-1	3.375330E+1	1.156000E-2	4.760000E-4	1.700000E-2	1.575501E+1	7.189186E+0	2.363970E+0	1.645740E-2	08:21 AM
1.309920E+0	1.728777E+1	4.450000E-1	4.446825E-1	3.375270E+1	1.153000E-2	4.820000E-4	1.700000E-2	1.571223E+1	7.189186E+0	2.363910E+0	1.645056E-2	08:21 AM
1.353251E+0	1.726732E+1	4.450000E-1	4.446814E-1	3.375350E+1	1.157000E-2	4.810000E-4	1.700000E-2	1.571935E+1	7.189186E+0	2.363970E+0	1.645170E-2	08:21 AM
1.396623E+0	1.726732E+1	4.450000E-1	4.446814E-1	3.375350E+1	1.157000E-2	4.820000E-4	1.700000E-2	1.571223E+1	7.189186E+0	2.363970E+0	1.645056E-2	08:21 AM
1.439949E+0	1.726732E+1	4.450000E-1	4.446814E-1	3.375350E+1	1.157000E-2	4.770000E-4	1.700000E-2	1.574787E+1	7.188963E+0	2.363910E+0	1.645626E-2	08:21 AM
1.483284E+0	1.731843E+1	4.450000E-1	4.446841E-1	3.375152E+1	1.147000E-2	4.760000E-4	1.700000E-2	1.575501E+1	7.189186E+0	2.364110E+0	1.645740E-2	08:21 AM
1.526647E+0	1.728777E+1	4.450000E-1	4.446825E-1	3.375270E+1	1.153000E-2	4.820000E-4	1.700000E-2	1.571223E+1	7.189186E+0	2.364040E+0	1.645056E-2	08:21 AM
1.569999E+0	1.729288E+1	4.450000E-1	4.446827E-1	3.375251E+1	1.152000E-2	4.810000E-4	1.700000E-2	1.571935E+1	7.189186E+0	2.364170E+0	1.645170E-2	08:22 AM
1.613337E+0	1.726221E+1	4.450000E-1	4.446811E-1	3.375369E+1	1.158000E-2	4.710000E-4	1.700000E-2	1.579084E+1	7.188963E+0	2.364040E+0	1.646309E-2	08:22 AM
1.656663E+0	1.727243E+1	4.450000E-1	4.446816E-1	3.375330E+1	1.156000E-2	4.750000E-4	1.700000E-2	1.576217E+1	7.188591E+0	2.363970E+0	1.645854E-2	08:22 AM
1.700014E+0	1.728777E+1	4.450000E-1	4.446825E-1	3.375270E+1	1.153000E-2	4.770000E-4	1.700000E-2	1.574787E+1	7.188963E+0	2.364040E+0	1.645626E-2	08:22 AM
1.743346E+0	1.730310E+1	4.450000E-1	4.446833E-1	3.375211E+1	1.150000E-2	4.710000E-4	1.700000E-2	1.579084E+1	7.188963E+0	2.364040E+0	1.646309E-2	08:22 AM
1.786695E+0	1.726221E+1	4.450000E-1	4.446811E-1	3.375369E+1	1.158000E-2	4.750000E-4	1.700000E-2	1.576217E+1	7.188963E+0	2.363970E+0	1.645854E-2	08:22 AM
1.830047E+0	1.727243E+1	4.450000E-1	4.446816E-1	3.375330E+1	1.156000E-2	4.760000E-4	1.700000E-2	1.575501E+1	7.188963E+0	2.363910E+0	1.645740E-2	08:22 AM
1.873378E+0	1.727243E+1	4.450000E-1	4.446816E-1	3.375330E+1	1.156000E-2	4.770000E-4	1.700000E-2	1.574787E+1	7.188963E+0	2.364040E+0	1.645626E-2	08:22 AM
1.916694E+0	1.724177E+1	4.450000E-1	4.446800E-1	3.375448E+1	1.162000E-2	4.780000E-4	1.700000E-2	1.574073E+1	7.188963E+0	2.363970E+0	1.645512E-2	08:22 AM
1.960043E+0	1.731843E+1	4.450000E-1	4.446841E-1	3.375152E+1	1.147000E-2	4.820000E-4	1.700000E-2	1.571223E+1	7.188963E+0	2.364040E+0	1.645056E-2	08:22 AM
2.003391E+0	1.730310E+1	4.450000E-1	4.446833E-1	3.375211E+1	1.150000E-2	4.760000E-4	1.700000E-2	1.575501E+1	7.189186E+0	2.364240E+0	1.645740E-2	08:22 AM
2.046740E+0	1.728777E+1	4.450000E-1	4.446825E-1	3.375270E+1	1.153000E-2	4.770000E-4	1.700000E-2	1.574787E+1	7.188963E+0	2.364170E+0	1.645626E-2	08:22 AM
2.090072E+0	1.727243E+1	4.450000E-1	4.446816E-1	3.375330E+1	1.156000E-2	4.630000E-4	1.700000E-2	1.584850E+1	7.188963E+0	2.363970E+0	1.647221E-2	08:22 AM
2.133422E+0	1.729288E+1	4.450000E-1	4.446827E-1	3.375251E+1	1.152000E-2	4.700000E-4	1.700000E-2	1.579803E+1	7.189186E+0	2.363910E+0	1.646423E-2	08:22 AM
2.176757E+0	1.729288E+1	4.450000E-1	4.446827E-1	3.375251E+1	1.152000E-2	4.810000E-4	1.700000E-2	1.571935E+1	7.189186E+0	2.363970E+0	1.645170E-2	08:22 AM
2.220106E+0	1.729288E+1	4.450000E-1	4.446827E-1	3.375251E+1	1.152000E-2	4.900000E-4	1.700000E-2	1.565554E+1	7.188963E+0	2.364240E+0	1.644144E-2	08:22 AM
2.263453E+0	1.727243E+1	4.450000E-1	4.446816E-1	3.375330E+1	1.156000E-2	4.680000E-4	1.700000E-2	1.581242E+1	7.188963E+0	2.363910E+0	1.646651E-2	08:22 AM
2.306788E+0	1.727243E+1	4.450000E-1	4.446816E-1	3.375330E+1	1.156000E-2	4.810000E-4	1.700000E-2	1.571935E+1	7.188963E+0	2.364110E+0	1.645170E-2	08:22 AM
2.350136E+0	1.727243E+1	4.450000E-1	4.446816E-1	3.375330E+1	1.156000E-2	4.770000E-4	1.700000E-2	1.574787E+1	7.188591E+0	2.364040E+0	1.645626E-2	08:22 AM
2.393468E+0	1.729288E+1	4.450000E-1	4.446827E-1	3.375251E+1	1.152000E-2	4.760000E-4	1.700000E-2	1.575501E+1	7.188591E+0	2.364240E+0	1.645740E-2	08:22 AM
2.436819E+0	1.726221E+1	4.450000E-1	4.446811E-1	3.375369E+1	1.158000E-2	4.820000E-4	1.700000E-2	1.571223E+1	7.188591E+0	2.363970E+0	1.645056E-2	08:22 AM
2.480202E+0	1.727243E+1	4.450000E-1	4.446816E-1	3.375330E+1	1.156000E-2	4.700000E-4	1.700000E-2	1.579803E+1	7.188591E+0	2.363910E+0	1.646423E-2	08:22 AM
2.523499E+0	1.723666E+1	4.450000E-1	4.446797E-1	3.375468E+1	1.163000E-2	4.760000E-4	1.700000E-2	1.575501E+1	7.188963E+0	2.363970E+0	1.645740E-2	08:22 AM
2.566899E+0	1.729288E+1	4.450000E-1	4.446827E-1	3.375251E+1	1.152000E-2	4.760000E-4	1.700000E-2	1.575501E+1	7.188963E+0	2.363970E+0	1.645740E-2	08:23 AM
2.610216E+0	1.727243E+1	4.450000E-1	4.446816E-1	3.375330E+1	1.156000E-2	4.760000E-4	1.700000E-2	1.575501E+1	7.188591E+0	2.363970E+0	1.645740E-2	08:23 AM
2.653532E+0	1.728777E+1	4.450000E-1	4.446825E-1	3.375270E+1	1.153000E-2	4.750000E-4	1.700000E-2	1.576217E+1	7.188591E+0	2.364110E+0	1.645854E-2	08:23 AM
2.696881E+0	1.727243E+1	4.450000E-1	4.446816E-1	3.375330E+1	1.156000E-2	4.820000E-4	1.700000E-2	1.571223E+1	7.188963E+0	2.363970E+0	1.645056E-2	08:23 AM
2.740221E+0	1.727243E+1	4.450000E-1	4.446816E-1	3.375330E+1	1.156000E-2	4.850000E-4	1.700000E-2	1.569093E+1	7.188591E+0	2.364170E+0	1.644714E-2	08:23 AM
2.783564E+0	1.730310E+1	4.450000E-1	4.446833E-1	3.375211E+1	1.150000E-2	4.700000E-4	1.700000E-2	1.579803E+1	7.188963E+0	2.364170E+0	1.646423E-2	08:23 AM
2.826915E+0	1.726732E+1	4.450000E-1	4.446814E-1	3.375350E+1	1.157000E-2	4.750000E-4	1.700000E-2	1.576217E+1	7.188963E+0	2.364110E+0	1.645854E-2	08:23 AM
2.870251E+0	1.727243E+1	4.450000E-1	4.446816E-1	3.375330E+1	1.156000E-2	4.760000E-4	1.700000E-2	1.575501E+1	7.188591E+0	2.364110E+0	1.645740E-2	08:23 AM
2.913597E+0	1.727243E+1	4.450000E-1	4.446816E-1	3.375330E+1	1.156000E-2	4.770000E-4	1.700000E-2	1.574787E+1	7.188442E+0	2.364240E+0	1.645626E-2	08:23 AM
2.956958E+0	1.729288E+1	4.450000E-1	4.446827E-1	3.375251E+1	1.152000E-2	4.750000E-4	1.700000E-2	1.576217E+1	7.188963E+0	2.363840E+0	1.645854E-2	08:23 AM
3.000293E+0	1.726732E+1	4.450000E-1	4.446814E-1	3.375350E+1	1.157000E-2	4.780000E-4	1.700000E-2	1.574073E+1	7.188963E+0	2.364040E+0	1.645512E-2	08:23 AM
3.043608E+0	1.729799E+1	4.450000E-1	4.446830E-1	3.375231E+1	1.151000E-2	4.760000E-4	1.700000E-2	1.575501E+1	7.188591E+0	2.363910E+0	1.645740E-2	08:23 AM
3.086960E+0	1.727243E+1	4.450000E-1	4.446816E-1	3.375330E+1	1.156000E-2	4.770000E-4	1.700000E-2	1.574787E+1	7.188591E+0	2.363970E+0	1.645626E-2	08:23 AM
3.130307E+0	1.729799E+1	4.450000E-1	4.446830E-1	3.375231E+1	1.151000E-2	4.700000E-4	1.700000E-2	1.579803E+1	7.188963E+0	2.364040E+0	1.646423E-2	08:23 AM
3.173623E+0	1.728777E+1	4.450000E-1	4.446825E-1	3.375270E+1	1.153000E-2	4.820000E-4	1.700000E-2	1.571223E+1	7.188963E+0	2.363970E+0	1.645056E-2	08:23 AM
3.216974E+0	1.723666E+1	4.450000E-1	4.446797E-1	3.375468E+1	1.163000E-2	4.770000E-4	1.700000E-2	1.574787E+1	7.188963E+0	2.364040E+0	1.645626E-2	08:23 AM
3.260305E+0	1.729799E+1	4.450000E-1	4.446830E-1	3.375231E+1	1.151000E-2	4.830000E-4	1.700000E-2	1.570512E+1	7.188963E+0	2.363970E+0	1.644942E-2	08:23 AM
3.303654E+0	1.726732E+1	4.450000E-1	4.446814E-1	3.375350E+1	1.157000E-2	4.770000E-4	1.700000E-2	1.574787E+1	7.188591E+0	2.363970E+0	1.645626E-2	08:23 AM
3.347004E+0	1.727243E+1	4.450000E-1	4.446816E-1	3.375330E+1	1.156000E-2	4.770000E-4	1.700000E-2	1.574787E+1	7.188963E+0	2.364240E+0	1.645626E-2	08:23 AM
3.390353E+0	1.724177E+1	4.450000E-1	4.446800E-1	3.375448E+1	1.162000E-2	4.770000E-4	1.700000E-2	1.574787E+1	7.188963E+0	2.364170E+0	1.645626E-2	08:23 AM
3.433687E+0	1.726732E+1	4.450000E-1	4.446814E-1	3.375350E+1	1.157000E-2	4.780000E-4	1.700000E-2	1.574073E+1	7.188963E+0	2.364110E+0	1.645512E-2	08:23 AM
3.477035E+0	1.727243E+1	4.450000E-1	4.446816E-1	3.375330E+1	1.156000E-2	4.780000E-4	1.700000E-2	1.574073E+1	7.188591E+0	2.363970E+0	1.645512E-2	08:23 AM
3.520370E+0	1.732354E+1	4.450000E-1	4.446844E-1	3.375132E+1	1.146000E-2	4.630000E-4	1.700000E-2	1.584850E+1	7.188963E+0	2.364040E+0	1.647221E-2	08:23 AM
3.563716E+0	1.728777E+1	4.450000E-1	4.446825E-1	3.375270E+1	1.153000E-2	4.830000E-4	1.700000E-2	1.570512E+1	7.188963E+0	2.364040E+0	1.644942E-2	08:24 AM
3.607095E+0	1.726221E+1	4.450000E-1	4.446811E-1	3.375369E+1	1.158000E-2	4.820000E-4	1.700000E-2	1.571223E+1	7.188963E+0	2.364040E+0	1.645056E-2	08:24 AM
3.650423E+0	1.726221E+1	4.450000E-1	4.446811E-1	3.375369E+1	1.158000E-2	4.770000E-4	1.700000E-2	1.574787E+1	7.188963E+0	2.363970E+0	1.645626E-2	08:24 AM
3.693784E+0	1.726221E+1	4.450000E-1	4.446811E-1	3.375369E+1	1.158000E-2	4.780000E-4	1.700000E-2	1.574073E+1	7.188591E+0	2.363970E+0	1.645512E-2	08:24 AM
3.737100E+0	1.727243E+1	4.450000E-1	4.446816E-1	3.375330E+1	1.156000E-2	4.780000E-4	1.700000E-2	1.574073E+1	7.188591E+0	2.364110E+0	1.645512E-2	08:24 AM
3.780433E+0	1.729288E+1	4.450000E-1	4.446827E-1	3.375251E+1	1.152000E-2	4.810000E-4	1.700000E-2	1.571935E+1	7.189335E+0	2.363970E+0	1.645170E-2	08:24 AM
3.823780E+0	1.730310E+1	4.450000E-1	4.446833E-1	3.375211E+1	1.150000E-2	4.760000E-4	1.700000E-2	1.575501E+1	7.188963E+0	2.364110E+0	1.645740E-2	08:24 AM
3.867114E+0	1.731843E+1	4.450000E-1	4.446841E-1	3.375152E+1	1.147000E-2	4.750000E-4	1.700000E-2	1.576217E+1	7.188963E+0	2.364040E+0	1.645854E-2	08:24 AM
3.910464E+0	1.723666E+1	4.450000E-1	4.446797E-1	3.375468E+1	1.163000E-2	4.650000E-4	1.700000E-2	1.583405E+1	7.188591E+0	2.363840E+0	1.646993E-2	08:24 AM
3.953813E+0	1.731843E+1	4.450000E-1	4.446841E-1	3.375152E+1	1.147000E-2	4.720000E-4	1.700000E-2	1.578366E+1	7.188591E+0	2.364110E+0	1.646195E-2	08:24 AM
3.997146E+0	1.730310E+1	4.450000E-1	4.446833E-1	3.375211E+1	1.150000E-2	4.720000E-4	1.700000E-2	1.578366E+1	7.188963E+0	2.364110E+0	1.646195E-2	08:24 AM
4.040494E+0	1.729288E+1	4.450000E-1	4.446827E-1	3.375251E+1	1.152000E-2	4.650000E-4	1.700000E-2	1.583405E+1	7.188591E+0	2.363910E+0	1.646993E-2	08:24 AM
4.083828E+0	1.729288E+1	4.450000E-1	4.446827E-1	3.375251E+1	1.152000E-2	4.810000E-4	1.700000E-2	1.571935E+1	7.188963E+0	2.363840E+0	1.645170E-2	08:24 AM
4.127193E+0	1.726221E+1	4.450000E-1	4.446811E-1	3.375369E+1	1.158000E-2	4.650000E-4	1.700000E-2	1.583405E+1	7.188963E+0	2.364040E+0	1.646993E-2	08:24 AM
4.170507E+0	1.727243E+1	4.450000E-1	4.446816E-1	3.375330E+1	1.156000E-2	4.750000E-4	1.700000E-2	1.576217E+1	7.188963E+0	2.363910E+0	1.645854E-2	08:24 AM
4.213857E+0	1.726221E+1	4.450000E-1	4.446811E-1	3.375369E+1	1.158000E-2	4.760000E-4	1.700000E-2	1.575501E+1	7.188963E+0	2.363970E+0	1.645740E-2	08:24 AM
4.257207E+0	1.732865E+1	4.450000E-1	4.446847E-1	3.375112E+1	1.145000E-2	4.960000E-4	1.700000E-2	1.561329E+1	7.188963E+0	2.363970E+0	1.643460E-2	08:24 AM
4.300540E+0	1.727243E+1	4.450000E-1	4.446816E-1	3.375330E+1	1.156000E-2	4.850000E-4	1.700000E-2	1.569093E+1	7.188963E+0	2.363970E+0	1.644714E-2	08:24 AM
4.343889E+0	1.729288E+1	4.450000E-1	4.446827E-1	3.375251E+1	1.152000E-2	4.810000E-4	1.700000E-2	1.571935E+1	7.189186E+0	2.363970E+0	1.645170E-2	08:24 AM
4.387222E+0	1.731843E+1	4.450000E-1	4.446841E-1	3.375152E+1	1.147000E-2	4.810000E-4	1.700000E-2	1.571935E+1	7.188963E+0	2.364170E+0	1.645170E-2	08:24 AM
4.430553E+0	1.726732E+1	4.450000E-1	4.446814E-1	3.375350E+1	1.157000E-2	4.760000E-4	1.700000E-2	1.575501E+1	7.189186E+0	2.364170E+0	1.645740E-2	08:24 AM
4.473905E+0	1.727243E+1	4.450000E-1	4.446816E-1	3.375330E+1	1.156000E-2	4.760000E-4	1.700000E-2	1.575501E+1	7.188963E+0	2.364040E+0	1.645740E-2	08:24 AM
4.517235E+0	1.729288E+1	4.450000E-1	4.446827E-1	3.375251E+1	1.152000E-2	4.750000E-4	1.700000E-2	1.576217E+1	7.188963E+0	2.363970E+0	1.645854E-2	08:24 AM
4.560584E+0	1.733888E+1	4.450000E-1	4.446852E-1	3.375073E+1	1.143000E-2	4.680000E-4	1.700000E-2	1.581242E+1	7.188963E+0	2.363910E+0	1.646651E-2	08:25 AM
4.603927E+0	1.732354E+1	4.450000E-1	4.446844E-1	3.375132E+1	1.146000E-2	4.720000E-4	1.700000E-2	1.578366E+1	7.188963E+0	2.363910E+0	1.646195E-2	08:25 AM
4.647269E+0	1.732865E+1	4.450000E-1	4.446847E-1	3.375112E+1	1.145000E-2	4.810000E-4	1.700000E-2	1.571935E+1	7.188963E+0	2.363780E+0	1.645170E-2	08:25 AM
4.690617E+0	1.729288E+1	4.450000E-1	4.446827E-1	3.375251E+1	1.152000E-2	4.650000E-4	1.700000E-2	1.583405E+1	7.188963E+0	2.364110E+0	1.646993E-2	08:25 AM
4.733999E+0	1.727243E+1	4.450000E-1	4.446816E-1	3.375330E+1	1.156000E-2	4.810000E-4	1.700000E-2	1.571935E+1	7.188963E+0	2.364170E+0	1.645170E-2	08:25 AM
4.777301E+0	1.729288E+1	4.450000E-1	4.446827E-1	3.375251E+1	1.152000E-2	4.680000E-4	1.700000E-2	1.581242E+1	7.188963E+0	2.363970E+0	1.646651E-2	08:25 AM
4.820667E+0	1.726221E+1	4.450000E-1	4.446811E-1	3.375369E+1	1.158000E-2	4.750000E-4	1.700000E-2	1.576217E+1	7.188963E+0	2.363910E+0	1.645854E-2	08:25 AM
4.864016E+0	1.729288E+1	4.450000E-1	4.446827E-1	3.375251E+1	1.152000E-2	4.680000E-4	1.700000E-2	1.581242E+1	7.188963E+0	2.364040E+0	1.646651E-2	08:25 AM
4.907332E+0	1.726732E+1	4.450000E-1	4.446814E-1	3.375350E+1	1.157000E-2	4.680000E-4	1.700000E-2	1.581242E+1	7.188963E+0	2.364040E+0	1.646651E-2	08:25 AM
4.950663E+0	1.729288E+1	4.450000E-1	4.446827E-1	3.375251E+1	1.152000E-2	4.710000E-4	1.700000E-2	1.579084E+1	7.188591E+0	2.363970E+0	1.646309E-2	08:25 AM
4.994014E+0	1.727243E+1	4.450000E-1	4.446816E-1	3.375330E+1	1.156000E-2	4.830000E-4	1.700000E-2	1.570512E+1	7.189186E+0	2.364040E+0	1.644942E-2	08:25 AM
5.037347E+0	1.732354E+1	4.450000E-1	4.446844E-1	3.375132E+1	1.146000E-2	4.680000E-4	1.700000E-2	1.581242E+1	7.188963E+0	2.364040E+0	1.646651E-2	08:25 AM
5.080696E+0	1.729799E+1	4.450000E-1	4.446830E-1	3.375231E+1	1.151000E-2	4.700000E-4	1.700000E-2	1.579803E+1	7.189186E+0	2.363970E+0	1.646423E-2	08:25 AM
5.124043E+0	1.727243E+1	4.450000E-1	4.446816E-1	3.375330E+1	1.156000E-2	4.700000E-4	1.700000E-2	1.579803E+1	7.188591E+0	2.363840E+0	1.646423E-2	08:25 AM
5.167393E+0	1.729288E+1	4.450000E-1	4.446827E-1	3.375251E+1	1.152000E-2	4.850000E-4	1.700000E-2	1.569093E+1	7.188963E+0	2.363840E+0	1.644714E-2	08:25 AM
5.210743E+0	1.727243E+1	4.450000E-1	4.446816E-1	3.375330E+1	1.156000E-2	4.810000E-4	1.700000E-2	1.571935E+1	7.189186E+0	2.363910E+0	1.645170E-2	08:25 AM
5.254062E+0	1.730310E+1	4.450000E-1	4.446833E-1	3.375211E+1	1.150000E-2	4.700000E-4	1.700000E-2	1.579803E+1	7.188963E+0	2.363910E+0	1.646423E-2	08:25 AM
5.297408E+0	1.729288E+1	4.450000E-1	4.446827E-1	3.375251E+1	1.152000E-2	4.820000E-4	1.700000E-2	1.571223E+1	7.189186E+0	2.363910E+0	1.645056E-2	08:25 AM
5.340742E+0	1.733888E+1	4.450000E-1	4.446852E-1	3.375073E+1	1.143000E-2	4.720000E-4	1.700000E-2	1.578366E+1	7.188963E+0	2.363840E+0	1.646195E-2	08:25 AM
5.384108E+0	1.729288E+1	4.450000E-1	4.446827E-1	3.375251E+1	1.152000E-2	4.770000E-4	1.700000E-2	1.574787E+1	7.188963E+0	2.364110E+0	1.645626E-2	08:25 AM
5.427443E+0	1.730310E+1	4.450000E-1	4.446833E-1	3.375211E+1	1.150000E-2	4.650000E-4	1.700000E-2	1.583405E+1	7.189186E+0	2.363970E+0	1.646993E-2	08:25 AM
5.470792E+0	1.729288E+1	4.450000E-1	4.446827E-1	3.375251E+1	1.152000E-2	4.710000E-4	1.700000E-2	1.579084E+1	7.188591E+0	2.363970E+0	1.646309E-2	08:25 AM
5.514123E+0	1.732354E+1	4.450000E-1	4.446844E-1	3.375132E+1	1.146000E-2	4.700000E-4	1.700000E-2	1.579803E+1	7.188963E+0	2.363970E+0	1.646423E-2	08:25 AM
5.557474E+0	1.729288E+1	4.450000E-1	4.446827E-1	3.375251E+1	1.152000E-2	4.760000E-4	1.700000E-2	1.575501E+1	7.188963E+0	2.363970E+0	1.645740E-2	08:26 AM
5.600828E+0	1.727243E+1	4.450000E-1	4.446816E-1	3.375330E+1	1.156000E-2	4.820000E-4	1.700000E-2	1.571223E+1	7.188963E+0	2.364040E+0	1.645056E-2	08:26 AM
5.644135E+0	1.730310E+1	4.450000E-1	4.446833E-1	3.375211E+1	1.150000E-2	4.660000E-4	1.700000E-2	1.582683E+1	7.188591E+0	2.363910E+0	1.646879E-2	08:26 AM
5.687471E+0	1.729799E+1	4.450000E-1	4.446830E-1	3.375231E+1	1.151000E-2	4.810000E-4	1.700000E-2	1.571935E+1	7.189186E+0	2.364110E+0	1.645170E-2	08:26 AM
5.730817E+0	1.727243E+1	4.450000E-1	4.446816E-1	3.375330E+1	1.156000E-2	4.750000E-4	1.700000E-2	1.576217E+1	7.188963E+0	2.364240E+0	1.645854E-2	08:26 AM
5.774204E+0	1.728777E+1	4.450000E-1	4.446825E-1	3.375270E+1	1.153000E-2	4.720000E-4	1.700000E-2	1.578366E+1	7.188963E+0	2.363780E+0	1.646195E-2	08:26 AM
5.817550E+0	1.732354E+1	4.450000E-1	4.446844E-1	3.375132E+1	1.146000E-2	4.750000E-4	1.700000E-2	1.576217E+1	7.188963E+0	2.363780E+0	1.645854E-2	08:26 AM
5.860868E+0	1.726732E+1	4.450000E-1	4.446814E-1	3.375350E+1	1.157000E-2	4.810000E-4	1.700000E-2	1.571935E+1	7.188963E+0	2.363910E+0	1.645170E-2	08:26 AM
5.904234E+0	1.730310E+1	4.450000E-1	4.446833E-1	3.375211E+1	1.150000E-2	4.760000E-4	1.700000E-2	1.575501E+1	7.188591E+0	2.363970E+0	1.645740E-2	08:26 AM
5.947566E+0	1.729288E+1	4.450000E-1	4.446827E-1	3.375251E+1	1.152000E-2	4.810000E-4	1.700000E-2	1.571935E+1	7.188963E+0	2.363910E+0	1.645170E-2	08:26 AM
5.990882E+0	1.732865E+1	4.450000E-1	4.446847E-1	3.375112E+1	1.145000E-2	4.750000E-4	1.700000E-2	1.576217E+1	7.188963E+0	2.363910E+0	1.645854E-2	08:26 AM
6.034214E+0	1.729288E+1	4.450000E-1	4.446827E-1	3.375251E+1	1.152000E-2	4.750000E-4	1.700000E-2	1.576217E+1	7.188963E+0	2.363910E+0	1.645854E-2	08:26 AM
6.077564E+0	1.734910E+1	4.450000E-1	4.446858E-1	3.375033E+1	1.141000E-2	4.750000E-4	1.700000E-2	1.576217E+1	7.188963E+0	2.364040E+0	1.645854E-2	08:26 AM
6.120912E+0	1.730310E+1	4.450000E-1	4.446833E-1	3.375211E+1	1.150000E-2	4.780000E-4	1.700000E-2	1.574073E+1	7.188591E+0	2.364240E+0	1.645512E-2	08:26 AM
6.164261E+0	1.730310E+1	4.450000E-1	4.446833E-1	3.375211E+1	1.150000E-2	4.680000E-4	1.700000E-2	1.581242E+1	7.188963E+0	2.364110E+0	1.646651E-2	08:26 AM
6.207596E+0	1.728777E+1	4.450000E-1	4.446825E-1	3.375270E+1	1.153000E-2	4.710000E-4	1.700000E-2	1.579084E+1	7.188963E+0	2.363910E+0	1.646309E-2	08:26 AM
6.250929E+0	1.729288E+1	4.450000E-1	4.446827E-1	3.375251E+1	1.152000E-2	4.760000E-4	1.700000E-2	1.575501E+1	7.189186E+0	2.364040E+0	1.645740E-2	08:26 AM
6.294278E+0	1.732865E+1	4.450000E-1	4.446847E-1	3.375112E+1	1.145000E-2	4.660000E-4	1.700000E-2	1.582683E+1	7.188963E+0	2.364040E+0	1.646879E-2	08:26 AM
6.337626E+0	1.732354E+1	4.450000E-1	4.446844E-1	3.375132E+1	1.146000E-2	4.760000E-4	1.700000E-2	1.575501E+1	7.188963E+0	2.363970E+0	1.645740E-2	08:26 AM
6.380975E+0	1.729288E+1	4.450000E-1	4.446827E-1	3.375251E+1	1.152000E-2	4.810000E-4	1.700000E-2	1.571935E+1	7.188963E+0	2.363840E+0	1.645170E-2	08:26 AM
6.424326E+0	1.731843E+1	4.450000E-1	4.446841E-1	3.375152E+1	1.147000E-2	4.760000E-4	1.700000E-2	1.575501E+1	7.188591E+0	2.363840E+0	1.645740E-2	08:26 AM
6.467673E+0	1.731843E+1	4.450000E-1	4.446841E-1	3.375152E+1	1.147000E-2	4.620000E-4	1.700000E-2	1.585574E+1	7.188963E+0	2.364040E+0	1.647335E-2	08:26 AM
6.510992E+0	1.729288E+1	4.450000E-1	4.446827E-1	3.375251E+1	1.152000E-2	4.620000E-4	1.700000E-2	1.585574E+1	7.188963E+0	2.363970E+0	1.647335E-2	08:26 AM
6.554339E+0	1.730310E+1	4.450000E-1	4.446833E-1	3.375211E+1	1.150000E-2	5.030000E-4	1.700000E-2	1.556428E+1	7.188963E+0	2.363970E+0	1.642662E-2	08:27 AM
6.597691E+0	1.732354E+1	4.450000E-1	4.446844E-1	3.375132E+1	1.146000E-2	4.620000E-4	1.700000E-2	1.585574E+1	7.188591E+0	2.364110E+0	1.647335E-2	08:27 AM
6.641021E+0	1.734910E+1	4.450000E-1	4.446858E-1	3.375033E+1	1.141000E-2	4.680000E-4	1.700000E-2	1.581242E+1	7.188963E+0	2.364040E+0	1.646651E-2	08:27 AM
6.684354E+0	1.732354E+1	4.450000E-1	4.446844E-1	3.375132E+1	1.146000E-2	4.700000E-4	1.700000E-2	1.579803E+1	7.189186E+0	2.364040E+0	1.646423E-2	08:27 AM
6.727703E+0	1.732354E+1	4.450000E-1	4.446844E-1	3.375132E+1	1.146000E-2	4.560000E-4	1.700000E-2	1.589930E+1	7.189186E+0	2.363970E+0	1.648019E-2	08:27 AM
6.771052E+0	1.733888E+1	4.450000E-1	4.446852E-1	3.375073E+1	1.143000E-2	4.760000E-4	1.700000E-2	1.575501E+1	7.188963E+0	2.363970E+0	1.645740E-2	08:27 AM
6.814401E+0	1.730310E+1	4.450000E-1	4.446833E-1	3.375211E+1	1.150000E-2	4.760000E-4	1.700000E-2	1.575501E+1	7.188963E+0	2.364040E+0	1.645740E-2	08:27 AM
6.857718E+0	1.729288E+1	4.450000E-1	4.446827E-1	3.375251E+1	1.152000E-2	4.630000E-4	1.700000E-2	1.584850E+1	7.188963E+0	2.363910E+0	1.647221E-2	08:27 AM
6.901070E+0	1.729288E+1	4.450000E-1	4.446827E-1	3.375251E+1	1.152000E-2	4.660000E-4	1.700000E-2	1.582683E+1	7.188591E+0	2.363970E+0	1.646879E-2	08:27 AM
6.944432E+0	1.732354E+1	4.450000E-1	4.446844E-1	3.375132E+1	1.146000E-2	4.600000E-4	1.700000E-2	1.587023E+1	7.188591E+0	2.363770E+0	1.647563E-2	08:27 AM
6.987817E+0	1.730310E+1	4.450000E-1	4.446833E-1	3.375211E+1	1.150000E-2	4.580000E-4	1.700000E-2	1.588475E+1	7.188963E+0	2.363840E+0	1.647791E-2	08:27 AM
7.031097E+0	1.730310E+1	4.450000E-1	4.446833E-1	3.375211E+1	1.150000E-2	4.680000E-4	1.700000E-2	1.581242E+1	7.188963E+0	2.363970E+0	1.646651E-2	08:27 AM
7.074431E+0	1.735421E+1	4.450000E-1	4.446860E-1	3.375013E+1	1.140000E-2	4.560000E-4	1.700000E-2	1.589930E+1	7.189186E+0	2.363970E+0	1.648019E-2	08:27 AM
7.117780E+0	1.732354E+1	4.450000E-1	4.446844E-1	3.375132E+1	1.146000E-2	4.750000E-4	1.700000E-2	1.576217E+1	7.188963E+0	2.363840E+0	1.645854E-2	08:27 AM
7.161133E+0	1.732354E+1	4.450000E-1	4.446844E-1	3.375132E+1	1.146000E-2	4.820000E-4	1.700000E-2	1.571223E+1	7.189186E+0	2.363970E+0	1.645056E-2	08:27 AM
7.204464E+0	1.729288E+1	4.450000E-1	4.446827E-1	3.375251E+1	1.152000E-2	4.820000E-4	1.700000E-2	1.571223E+1	7.188963E+0	2.364170E+0	1.645056E-2	08:27 AM
7.247812E+0	1.732354E+1	4.450000E-1	4.446844E-1	3.375132E+1	1.146000E-2	4.660000E-4	1.700000E-2	1.582683E+1	7.188963E+0	2.363840E+0	1.646879E-2	08:27 AM
7.291161E+0	1.730310E+1	4.450000E-1	4.446833E-1	3.375211E+1	1.150000E-2	4.780000E-4	1.700000E-2	1.574073E+1	7.189186E+0	2.364040E+0	1.645512E-2	08:27 AM
7.334492E+0	1.733888E+1	4.450000E-1	4.446852E-1	3.375073E+1	1.143000E-2	4.710000E-4	1.700000E-2	1.579084E+1	7.188963E+0	2.363910E+0	1.646309E-2	08:27 AM
7.377829E+0	1.732354E+1	4.450000E-1	4.446844E-1	3.375132E+1	1.146000E-2	4.700000E-4	1.700000E-2	1.579803E+1	7.189186E+0	2.364040E+0	1.646423E-2	08:27 AM
7.421178E+0	1.732354E+1	4.450000E-1	4.446844E-1	3.375132E+1	1.146000E-2	4.700000E-4	1.700000E-2	1.579803E+1	7.189186E+0	2.364110E+0	1.646423E-2	08:27 AM
7.464524E+0	1.732865E+1	4.450000E-1	4.446847E-1	3.375112E+1	1.145000E-2	4.650000E-4	1.700000E-2	1.583405E+1	7.189186E+0	2.364040E+0	1.646993E-2	08:27 AM
7.507859E+0	1.731843E+1	4.450000E-1	4.446841E-1	3.375152E+1	1.147000E-2	4.680000E-4	1.700000E-2	1.581242E+1	7.189186E+0	2.364040E+0	1.646651E-2	08:27 AM
7.551209E+0	1.733888E+1	4.450000E-1	4.446852E-1	3.375073E+1	1.143000E-2	4.700000E-4	1.700000E-2	1.579803E+1	7.189186E+0	2.363970E+0	1.646423E-2	08:28 AM
7.594561E+0	1.733888E+1	4.450000E-1	4.446852E-1	3.375073E+1	1.143000E-2	4.680000E-4	1.700000E-2	1.581242E+1	7.189186E+0	2.363840E+0	1.646651E-2	08:28 AM
7.637905E+0	1.733888E+1	4.450000E-1	4.446852E-1	3.375073E+1	1.143000E-2	4.630000E-4	1.700000E-2	1.584850E+1	7.189335E+0	2.364040E+0	1.647221E-2	08:28 AM
7.681240E+0	1.730310E+1	4.450000E-1	4.446833E-1	3.375211E+1	1.150000E-2	4.620000E-4	1.700000E-2	1.585574E+1	7.189186E+0	2.364040E+0	1.647335E-2	08:28 AM
7.724571E+0	1.732865E+1	4.450000E-1	4.446847E-1	3.375112E+1	1.145000E-2	4.620000E-4	1.700000E-2	1.585574E+1	7.188963E+0	2.363970E+0	1.647335E-2	08:28 AM
7.767920E+0	1.731843E+1	4.450000E-1	4.446841E-1	3.375152E+1	1.147000E-2	4.630000E-4	1.700000E-2	1.584850E+1	7.189186E+0	2.363840E+0	1.647221E-2	08:28 AM
7.811269E+0	1.732354E+1	4.450000E-1	4.446844E-1	3.375132E+1	1.146000E-2	4.580000E-4	1.700000E-2	1.588475E+1	7.189186E+0	2.364040E+0	1.647791E-2	08:28 AM
7.854604E+0	1.730310E+1	4.450000E-1	4.446833E-1	3.375211E+1	1.150000E-2	4.630000E-4	1.700000E-2	1.584850E+1	7.189186E+0	2.364170E+0	1.647221E-2	08:28 AM
7.897954E+0	1.732354E+1	4.450000E-1	4.446844E-1	3.375132E+1	1.146000E-2	4.660000E-4	1.700000E-2	1.582683E+1	7.189335E+0	2.363970E+0	1.646879E-2	08:28 AM
7.941303E+0	1.733888E+1	4.450000E-1	4.446852E-1	3.375073E+1	1.143000E-2	4.680000E-4	1.700000E-2	1.581242E+1	7.189186E+0	2.363970E+0	1.646651E-2	08:28 AM
7.984633E+0	1.735421E+1	4.450000E-1	4.446860E-1	3.375013E+1	1.140000E-2	4.700000E-4	1.700000E-2	1.579803E+1	7.189186E+0	2.364110E+0	1.646423E-2	08:28 AM
8.027982E+0	1.735421E+1	4.450000E-1	4.446860E-1	3.375013E+1	1.140000E-2	4.680000E-4	1.700000E-2	1.581242E+1	7.189186E+0	2.364040E+0	1.646651E-2	08:28 AM
8.071319E+0	1.732354E+1	4.450000E-1	4.446844E-1	3.375132E+1	1.146000E-2	4.650000E-4	1.700000E-2	1.583405E+1	7.189186E+0	2.363910E+0	1.646993E-2	08:28 AM
8.114668E+0	1.732865E+1	4.450000E-1	4.446847E-1	3.375112E+1	1.145000E-2	4.620000E-4	1.700000E-2	1.585574E+1	7.188963E+0	2.364040E+0	1.647335E-2	08:28 AM
8.157996E+0	1.733888E+1	4.450000E-1	4.446852E-1	3.375073E+1	1.143000E-2	4.530000E-4	1.700000E-2	1.592117E+1	7.189186E+0	2.364170E+0	1.648361E-2	08:28 AM
8.201332E+0	1.729799E+1	4.450000E-1	4.446830E-1	3.375231E+1	1.151000E-2	4.760000E-4	1.700000E-2	1.575501E+1	7.189186E+0	2.363910E+0	1.645740E-2	08:28 AM
8.244662E+0	1.734910E+1	4.450000E-1	4.446858E-1	3.375033E+1	1.141000E-2	4.530000E-4	1.700000E-2	1.592117E+1	7.189186E+0	2.364240E+0	1.648361E-2	08:28 AM
8.288029E+0	1.732354E+1	4.450000E-1	4.446844E-1	3.375132E+1	1.146000E-2	4.710000E-4	1.700000E-2	1.579084E+1	7.189186E+0	2.363970E+0	1.646309E-2	08:28 AM
8.331365E+0	1.732865E+1	4.450000E-1	4.446847E-1	3.375112E+1	1.145000E-2	4.560000E-4	1.700000E-2	1.589930E+1	7.189186E+0	2.363910E+0	1.648019E-2	08:28 AM
8.374693E+0	1.729288E+1	4.450000E-1	4.446827E-1	3.375251E+1	1.152000E-2	4.630000E-4	1.700000E-2	1.584850E+1	7.189186E+0	2.363840E+0	1.647221E-2	08:28 AM
8.418062E+0	1.732865E+1	4.450000E-1	4.446847E-1	3.375112E+1	1.145000E-2	3.060000E-4	1.700000E-2	1.707072E+1	7.189186E+0	2.364040E+0	1.665118E-2	08:28 AM
8.461392E+0	1.733888E+1	4.450000E-1	4.446852E-1	3.375073E+1	1.143000E-2	-1.680000E-4	1.700000E-2	2.222834E+1	7.189186E+0	2.363970E+0	1.719151E-2	08:28 AM
8.504726E+0	1.735421E+1	4.450000E-1	4.446860E-1	3.375013E+1	1.140000E-2	-3.800000E-5	1.700000E-2	2.053032E+1	7.188963E+0	2.363970E+0	1.704332E-2	08:28 AM
8.548077E+0	1.734910E+1	4.450000E-1	4.446858E-1	3.375033E+1	1.141000E-2	5.200000E-5	1.700000E-2	1.949793E+1	7.189186E+0	2.363970E+0	1.694072E-2	08:28 AM
8.591438E+0	1.732354E+1	4.450000E-1	4.446844E-1	3.375132E+1	1.146000E-2	5.000000E-5	1.700000E-2	1.951975E+1	7.189335E+0	2.363970E+0	1.694300E-2	08:29 AM
8.634757E+0	1.734910E+1	4.450000E-1	4.446858E-1	3.375033E+1	1.141000E-2	2.700000E-5	1.700000E-2	1.977424E+1	7.189186E+0	2.363970E+0	1.696922E-2	08:29 AM
8.678109E+0	1.736955E+1	4.450000E-1	4.446869E-1	3.374954E+1	1.137000E-2	1.200000E-5	1.700000E-2	1.994378E+1	7.189186E+0	2.364040E+0	1.698632E-2	08:29 AM
8.721441E+0	1.729288E+1	4.450000E-1	4.446827E-1	3.375251E+1	1.152000E-2	2.000000E-6	1.700000E-2	2.005842E+1	7.189186E+0	2.363970E+0	1.699772E-2	08:29 AM
8.764789E+0	1.731843E+1	4.450000E-1	4.446841E-1	3.375152E+1	1.147000E-2	3.010000E-4	1.700000E-2	1.711271E+1	7.188963E+0	2.363970E+0	1.665688E-2	08:29 AM
8.808138E+0	1.736444E+1	4.450000E-1	4.446866E-1	3.374974E+1	1.138000E-2	4.560000E-4	1.700000E-2	1.589930E+1	7.189186E+0	2.363840E+0	1.648019E-2	08:29 AM
8.851490E+0	1.736955E+1	4.450000E-1	4.446869E-1	3.374954E+1	1.137000E-2	4.960000E-4	1.700000E-2	1.561329E+1	7.189186E+0	2.364110E+0	1.643460E-2	08:29 AM
8.894820E+0	1.733888E+1	4.450000E-1	4.446852E-1	3.375073E+1	1.143000E-2	4.720000E-4	1.700000E-2	1.578366E+1	7.189186E+0	2.364040E+0	1.646195E-2	08:29 AM
8.938154E+0	1.734910E+1	4.450000E-1	4.446858E-1	3.375033E+1	1.141000E-2	4.630000E-4	1.700000E-2	1.584850E+1	7.189186E+0	2.363970E+0	1.647221E-2	08:29 AM
8.981504E+0	1.737978E+1	4.450000E-1	4.446874E-1	3.374914E+1	1.135000E-2	4.520000E-4	1.700000E-2	1.592847E+1	7.189186E+0	2.364040E+0	1.648475E-2	08:29 AM
9.024837E+0	1.732354E+1	4.450000E-1	4.446844E-1	3.375132E+1	1.146000E-2	4.520000E-4	1.700000E-2	1.592847E+1	7.188963E+0	2.363970E+0	1.648475E-2	08:29 AM
9.068218E+0	1.731843E+1	4.450000E-1	4.446841E-1	3.375152E+1	1.147000E-2	4.500000E-4	1.700000E-2	1.594310E+1	7.189186E+0	2.364040E+0	1.648703E-2	08:29 AM
9.111551E+0	1.733888E+1	4.450000E-1	4.446852E-1	3.375073E+1	1.143000E-2	4.400000E-4	1.700000E-2	1.601662E+1	7.189186E+0	2.364040E+0	1.649843E-2	08:29 AM
9.154868E+0	1.734910E+1	4.450000E-1	4.446858E-1	3.375033E+1	1.141000E-2	4.600000E-4	1.700000E-2	1.587023E+1	7.189186E+0	2.364040E+0	1.647563E-2	08:29 AM
9.198216E+0	1.732354E+1	4.450000E-1	4.446844E-1	3.375132E+1	1.146000E-2	4.500000E-4	1.700000E-2	1.594310E+1	7.188963E+0	2.364040E+0	1.648703E-2	08:29 AM
9.241547E+0	1.736955E+1	4.450000E-1	4.446869E-1	3.374954E+1	1.137000E-2	4.650000E-4	1.700000E-2	1.583405E+1	7.188963E+0	2.363840E+0	1.646993E-2	08:29 AM
9.284917E+0	1.736955E+1	4.450000E-1	4.446869E-1	3.374954E+1	1.137000E-2	4.580000E-4	1.700000E-2	1.588475E+1	7.189186E+0	2.363970E+0	1.647791E-2	08:29 AM
9.328249E+0	1.736444E+1	4.450000E-1	4.446866E-1	3.374974E+1	1.138000E-2	4.630000E-4	1.700000E-2	1.584850E+1	7.188963E+0	2.363910E+0	1.647221E-2	08:29 AM
9.371564E+0	1.731843E+1	4.450000E-1	4.446841E-1	3.375152E+1	1.147000E-2	4.510000E-4	1.700000E-2	1.593578E+1	7.189186E+0	2.363840E+0	1.648589E-2	08:29 AM
9.414929E+0	1.732865E+1	4.450000E-1	4.446847E-1	3.375112E+1	1.145000E-2	4.510000E-4	1.700000E-2	1.593578E+1	7.189186E+0	2.363840E+0	1.648589E-2	08:29 AM
9.458260E+0	1.733888E+1	4.450000E-1	4.446852E-1	3.375073E+1	1.143000E-2	4.530000E-4	1.700000E-2	1.592117E+1	7.189186E+0	2.363970E+0	1.648361E-2	08:29 AM
9.501596E+0	1.733888E+1	4.450000E-1	4.446852E-1	3.375073E+1	1.143000E-2	4.530000E-4	1.700000E-2	1.592117E+1	7.189186E+0	2.364110E+0	1.648361E-2	08:29 AM
9.544943E+0	1.735421E+1	4.450000E-1	4.446860E-1	3.375013E+1	1.140000E-2	4.620000E-4	1.700000E-2	1.585574E+1	7.188963E+0	2.364040E+0	1.647335E-2	08:29 AM
9.588276E+0	1.736955E+1	4.450000E-1	4.446869E-1	3.374954E+1	1.137000E-2	4.560000E-4	1.700000E-2	1.589930E+1	7.189186E+0	2.363970E+0	1.648019E-2	08:30 AM
9.631626E+0	1.734910E+1	4.450000E-1	4.446858E-1	3.375033E+1	1.141000E-2	4.650000E-4	1.700000E-2	1.583405E+1	7.189186E+0	2.364040E+0	1.646993E-2	08:30 AM
9.674960E+0	1.733888E+1	4.450000E-1	4.446852E-1	3.375073E+1	1.143000E-2	4.570000E-4	1.700000E-2	1.589202E+1	7.189186E+0	2.363910E+0	1.647905E-2	08:30 AM
9.718307E+0	1.735421E+1	4.450000E-1	4.446860E-1	3.375013E+1	1.140000E-2	4.650000E-4	1.700000E-2	1.583405E+1	7.189186E+0	2.363910E+0	1.646993E-2	08:30 AM
9.761656E+0	1.729799E+1	4.450000E-1	4.446830E-1	3.375231E+1	1.151000E-2	4.580000E-4	1.700000E-2	1.588475E+1	7.189186E+0	2.363970E+0	1.647791E-2	08:30 AM
9.805008E+0	1.732354E+1	4.450000E-1	4.446844E-1	3.375132E+1	1.146000E-2	4.430000E-4	1.700000E-2	1.599449E+1	7.189186E+0	2.363970E+0	1.649501E-2	08:30 AM
9.848338E+0	1.732354E+1	4.450000E-1	4.446844E-1	3.375132E+1	1.146000E-2	4.570000E-4	1.700000E-2	1.589202E+1	7.188963E+0	2.363970E+0	1.647905E-2	08:30 AM
9.891690E+0	1.736444E+1	4.450000E-1	4.446866E-1	3.374974E+1	1.138000E-2	4.600000E-4	1.700000E-2	1.587023E+1	7.189186E+0	2.363840E+0	1.647563E-2	08:30 AM
9.935039E+0	1.733888E+1	4.450000E-1	4.446852E-1	3.375073E+1	1.143000E-2	4.570000E-4	1.700000E-2	1.589202E+1	7.189186E+0	2.363840E+0	1.647905E-2	08:30 AM
9.978386E+0	1.734910E+1	4.450000E-1	4.446858E-1	3.375033E+1	1.141000E-2	4.600000E-4	1.700000E-2	1.587023E+1	7.188591E+0	2.363910E+0	1.647563E-2	08:30 AM
1.002170E+1	1.734910E+1	4.450000E-1	4.446858E-1	3.375033E+1	1.141000E-2	4.580000E-4	1.700000E-2	1.588475E+1	7.189186E+0	2.363910E+0	1.647791E-2	08:30 AM
1.006505E+1	1.736955E+1	4.450000E-1	4.446869E-1	3.374954E+1	1.137000E-2	4.570000E-4	1.700000E-2	1.589202E+1	7.188963E+0	2.363840E+0	1.647905E-2	08:30 AM
1.010840E+1	1.736955E+1	4.450000E-1	4.446869E-1	3.374954E+1	1.137000E-2	4.510000E-4	1.700000E-2	1.593578E+1	7.188591E+0	2.364110E+0	1.648589E-2	08:30 AM
1.015174E+1	1.735421E+1	4.450000E-1	4.446860E-1	3.375013E+1	1.140000E-2	4.530000E-4	1.700000E-2	1.592117E+1	7.189186E+0	2.363910E+0	1.648361E-2	08:30 AM
1.019509E+1	1.732354E+1	4.450000E-1	4.446844E-1	3.375132E+1	1.146000E-2	4.660000E-4	1.700000E-2	1.582683E+1	7.188963E+0	2.364040E+0	1.646879E-2	08:30 AM
1.023842E+1	1.736444E+1	4.450000E-1	4.446866E-1	3.374974E+1	1.138000E-2	4.680000E-4	1.700000E-2	1.581242E+1	7.189186E+0	2.364170E+0	1.646651E-2	08:30 AM
1.028177E+1	1.732865E+1	4.450000E-1	4.446847E-1	3.375112E+1	1.145000E-2	4.520000E-4	1.700000E-2	1.592847E+1	7.189186E+0	2.364040E+0	1.648475E-2	08:30 AM
1.032510E+1	1.739000E+1	4.450000E-1	4.446880E-1	3.374875E+1	1.133000E-2	4.520000E-4	1.700000E-2	1.592847E+1	7.188963E+0	2.364040E+0	1.648475E-2	08:30 AM
1.036845E+1	1.732865E+1	4.450000E-1	4.446847E-1	3.375112E+1	1.145000E-2	4.510000E-4	1.700000E-2	1.593578E+1	7.189186E+0	2.364040E+0	1.648589E-2	08:30 AM
1.041180E+1	1.737978E+1	4.450000E-1	4.446874E-1	3.374914E+1	1.135000E-2	4.580000E-4	1.700000E-2	1.588475E+1	7.189186E+0	2.364110E+0	1.647791E-2	08:30 AM
1.045515E+1	1.739000E+1	4.450000E-1	4.446880E-1	3.374875E+1	1.133000E-2	4.510000E-4	1.700000E-2	1.593578E+1	7.189186E+0	2.364110E+0	1.648589E-2	08:30 AM
1.049848E+1	1.732865E+1	4.450000E-1	4.446847E-1	3.375112E+1	1.145000E-2	4.530000E-4	1.700000E-2	1.592117E+1	7.188963E+0	2.364170E+0	1.648361E-2	08:30 AM
1.054183E+1	1.734910E+1	4.450000E-1	4.446858E-1	3.375033E+1	1.141000E-2	4.530000E-4	1.700000E-2	1.592117E+1	7.189186E+0	2.364040E+0	1.648361E-2	08:30 AM
1.058514E+1	1.735421E+1	4.450000E-1	4.446860E-1	3.375013E+1	1.140000E-2	4.560000E-4	1.700000E-2	1.589930E+1	7.189186E+0	2.364110E+0	1.648019E-2	08:31 AM
1.062850E+1	1.734910E+1	4.450000E-1	4.446858E-1	3.375033E+1	1.141000E-2	4.510000E-4	1.700000E-2	1.593578E+1	7.188963E+0	2.364110E+0	1.648589E-2	08:31 AM
1.067184E+1	1.733888E+1	4.450000E-1	4.446852E-1	3.375073E+1	1.143000E-2	4.560000E-4	1.700000E-2	1.589930E+1	7.189186E+0	2.364170E+0	1.648019E-2	08:31 AM
1.071518E+1	1.737978E+1	4.450000E-1	4.446874E-1	3.374914E+1	1.135000E-2	4.520000E-4	1.700000E-2	1.592847E+1	7.188963E+0	2.363970E+0	1.648475E-2	08:31 AM
1.075852E+1	1.735421E+1	4.450000E-1	4.446860E-1	3.375013E+1	1.140000E-2	4.580000E-4	1.700000E-2	1.588475E+1	7.189186E+0	2.364110E+0	1.647791E-2	08:31 AM
1.080187E+1	1.737978E+1	4.450000E-1	4.446874E-1	3.374914E+1	1.135000E-2	4.510000E-4	1.700000E-2	1.593578E+1	7.189335E+0	2.364040E+0	1.648589E-2	08:31 AM
1.084519E+1	1.736955E+1	4.450000E-1	4.446869E-1	3.374954E+1	1.137000E-2	4.520000E-4	1.700000E-2	1.592847E+1	7.188963E+0	2.363840E+0	1.648475E-2	08:31 AM
1.088856E+1	1.733888E+1	4.450000E-1	4.446852E-1	3.375073E+1	1.143000E-2	4.510000E-4	1.700000E-2	1.593578E+1	7.188963E+0	2.364170E+0	1.648589E-2	08:31 AM
1.093189E+1	1.735421E+1	4.450000E-1	4.446860E-1	3.375013E+1	1.140000E-2	4.580000E-4	1.700000E-2	1.588475E+1	7.188963E+0	2.364110E+0	1.647791E-2	08:31 AM
1.097524E+1	1.736955E+1	4.450000E-1	4.446869E-1	3.374954E+1	1.137000E-2	4.500000E-4	1.700000E-2	1.594310E+1	7.188591E+0	2.364040E+0	1.648703E-2	08:31 AM
1.101857E+1	1.736444E+1	4.450000E-1	4.446866E-1	3.374974E+1	1.138000E-2	4.560000E-4	1.700000E-2	1.589930E+1	7.188963E+0	2.363770E+0	1.648019E-2	08:31 AM
1.106192E+1	1.739000E+1	4.450000E-1	4.446880E-1	3.374875E+1	1.133000E-2	4.710000E-4	1.700000E-2	1.579084E+1	7.189186E+0	2.363970E+0	1.646309E-2	08:31 AM
1.110527E+1	1.732354E+1	4.450000E-1	4.446844E-1	3.375132E+1	1.146000E-2	4.500000E-4	1.700000E-2	1.594310E+1	7.188963E+0	2.364110E+0	1.648703E-2	08:31 AM
1.114861E+1	1.739511E+1	4.450000E-1	4.446882E-1	3.374855E+1	1.132000E-2	4.520000E-4	1.700000E-2	1.592847E+1	7.188963E+0	2.364040E+0	1.648475E-2	08:31 AM
1.119194E+1	1.735421E+1	4.450000E-1	4.446860E-1	3.375013E+1	1.140000E-2	4.620000E-4	1.700000E-2	1.585574E+1	7.188963E+0	2.364040E+0	1.647335E-2	08:31 AM
1.123528E+1	1.736444E+1	4.450000E-1	4.446866E-1	3.374974E+1	1.138000E-2	4.560000E-4	1.700000E-2	1.589930E+1	7.189335E+0	2.363910E+0	1.648019E-2	08:31 AM
1.127863E+1	1.736955E+1	4.450000E-1	4.446869E-1	3.374954E+1	1.137000E-2	4.560000E-4	1.700000E-2	1.589930E+1	7.189186E+0	2.364040E+0	1.648019E-2	08:31 AM
1.132197E+1	1.739000E+1	4.450000E-1	4.446880E-1	3.374875E+1	1.133000E-2	4.570000E-4	1.700000E-2	1.589202E+1	7.188963E+0	2.364040E+0	1.647905E-2	08:31 AM
1.136537E+1	1.735421E+1	4.450000E-1	4.446860E-1	3.375013E+1	1.140000E-2	4.500000E-4	1.700000E-2	1.594310E+1	7.189186E+0	2.363970E+0	1.648703E-2	08:31 AM
1.140869E+1	1.736955E+1	4.450000E-1	4.446869E-1	3.374954E+1	1.137000E-2	4.510000E-4	1.700000E-2	1.593578E+1	7.189186E+0	2.364110E+0	1.648589E-2	08:31 AM
1.145202E+1	1.735421E+1	4.450000E-1	4.446860E-1	3.375013E+1	1.140000E-2	4.580000E-4	1.700000E-2	1.588475E+1	7.188963E+0	2.364040E+0	1.647791E-2	08:31 AM
1.149540E+1	1.736955E+1	4.450000E-1	4.446869E-1	3.374954E+1	1.137000E-2	4.530000E-4	1.700000E-2	1.592117E+1	7.189186E+0	2.364040E+0	1.648361E-2	08:31 AM
1.153868E+1	1.737978E+1	4.450000E-1	4.446874E-1	3.374914E+1	1.135000E-2	4.560000E-4	1.700000E-2	1.589930E+1	7.189186E+0	2.363970E+0	1.648019E-2	08:31 AM
1.158203E+1	1.735421E+1	4.450000E-1	4.446860E-1	3.375013E+1	1.140000E-2	4.500000E-4	1.700000E-2	1.594310E+1	7.189186E+0	2.364040E+0	1.648703E-2	08:32 AM
1.162536E+1	1.736444E+1	4.450000E-1	4.446866E-1	3.374974E+1	1.138000E-2	4.530000E-4	1.700000E-2	1.592117E+1	7.188963E+0	2.364170E+0	1.648361E-2	08:32 AM
1.166873E+1	1.735421E+1	4.450000E-1	4.446860E-1	3.375013E+1	1.140000E-2	4.350000E-4	1.700000E-2	1.605364E+1	7.189335E+0	2.364240E+0	1.650413E-2	08:32 AM
1.171206E+1	1.739000E+1	4.450000E-1	4.446880E-1	3.374875E+1	1.133000E-2	-4.100000E-5	1.700000E-2	2.056660E+1	7.189186E+0	2.364040E+0	1.704674E-2	08:32 AM
1.175539E+1	1.736955E+1	4.450000E-1	4.446869E-1	3.374954E+1	1.137000E-2	3.500000E-5	1.700000E-2	1.968498E+1	7.189186E+0	2.363970E+0	1.696010E-2	08:32 AM
1.179874E+1	1.732865E+1	4.450000E-1	4.446847E-1	3.375112E+1	1.145000E-2	5.200000E-5	1.700000E-2	1.949793E+1	7.189186E+0	2.364040E+0	1.694072E-2	08:32 AM
1.184206E+1	1.736955E+1	4.450000E-1	4.446869E-1	3.374954E+1	1.137000E-2	3.300000E-5	1.700000E-2	1.970722E+1	7.189335E+0	2.364170E+0	1.696238E-2	08:32 AM
1.188541E+1	1.737978E+1	4.450000E-1	4.446874E-1	3.374914E+1	1.135000E-2	1.600000E-5	1.700000E-2	1.989829E+1	7.189335E+0	2.364040E+0	1.698176E-2	08:32 AM
1.192876E+1	1.732865E+1	4.450000E-1	4.446847E-1	3.375112E+1	1.145000E-2	6.000000E-6	1.700000E-2	2.001241E+1	7.189186E+0	2.364240E+0	1.699316E-2	08:32 AM
1.197211E+1	1.737978E+1	4.450000E-1	4.446874E-1	3.374914E+1	1.135000E-2	1.520000E-4	1.700000E-2	1.846514E+1	7.189186E+0	2.364170E+0	1.682673E-2	08:32 AM
1.201544E+1	1.736444E+1	4.450000E-1	4.446866E-1	3.374974E+1	1.138000E-2	4.080000E-4	1.700000E-2	1.625647E+1	7.189186E+0	2.364240E+0	1.653491E-2	08:32 AM
1.205879E+1	1.741557E+1	4.450000E-1	4.446893E-1	3.374776E+1	1.128000E-2	4.820000E-4	1.700000E-2	1.571223E+1	7.189186E+0	2.364240E+0	1.645056E-2	08:32 AM
1.210214E+1	1.736444E+1	4.450000E-1	4.446866E-1	3.374974E+1	1.138000E-2	4.560000E-4	1.700000E-2	1.589930E+1	7.188963E+0	2.364040E+0	1.648019E-2	08:32 AM
1.214547E+1	1.740023E+1	4.450000E-1	4.446885E-1	3.374835E+1	1.131000E-2	4.500000E-4	1.700000E-2	1.594310E+1	7.189335E+0	2.364040E+0	1.648703E-2	08:32 AM
1.218880E+1	1.732354E+1	4.450000E-1	4.446844E-1	3.375132E+1	1.146000E-2	4.370000E-4	1.700000E-2	1.603881E+1	7.189186E+0	2.364110E+0	1.650185E-2	08:32 AM
1.223215E+1	1.736955E+1	4.450000E-1	4.446869E-1	3.374954E+1	1.137000E-2	4.380000E-4	1.700000E-2	1.603141E+1	7.189186E+0	2.364170E+0	1.650071E-2	08:32 AM
1.227551E+1	1.739000E+1	4.450000E-1	4.446880E-1	3.374875E+1	1.133000E-2	4.250000E-4	1.700000E-2	1.612817E+1	7.188963E+0	2.364110E+0	1.651553E-2	08:32 AM
